397070042
423147019
145010847
479467063
3707019898915581
673611641
545949472
440589861
286362422
891737
573422563
344207495
1022446546
1766046581
73821451
396475918
399445556
3546830593854437
3494366020635121
1452758034
362798828
3546812308786044
3493289445558356
1649491376
3744949862403938
3493106427103359
651725310
379451552
495940511
244236387
1290561648
1761674682
698795698
3546932790168225
2101861806
3546700524292976
203494049
446692596
552841941
1040405655
3546950745983003
1921073538
1512389863
633258094
62306176
519122275
1203149958
1775515509
1877783058
514312954
502168643
1552026097
3546794174712329
3546624087296423
525261997
536136068
1531522173
381749192
1060424735
2037627604
3546767492647011
73539753
3546554111625310
482389759
2014112405
225425034
397044417
3546709829355727
1834724538
437029815
3546686211230093
1881787800
352780709
2102846639
1211512390
3494360597399782
3546602935421824
1414027009
642278299
400417809
3690985571748417
86414270
476635420
441358839
3546724933045038
3706971005913891
3546741257275607
434760980
503998659
418083339
58709566
3546714457770354
355625542
3493083970800272
1284361209
36283998
185419828
289197456
1060207157
633987695
402617929
502916132
3546683679967591
2081365349
3546903836887129
200927201
3493121241385281
3707065788795339
3546386815518899
434445586
535081286
3707026475584445
1060162346
214012317
300010264
424699751
3707064536795618
47736258
442434846
351905996
286518041
3493126842878419
1400383906
1469388597
3546874390775843
1008069209
3546842377750825
1950684266
3494378926508192
641910888
287151042
693395864
1314193441
3691008801901320
24444099
2049176276
3461579848812690
3546970715064802
586720596
3546900991052360
1201777527
1955497019
3707030235777466
3546916226861242
671005710
697052433
646745884
3461576533215683
1197216828
3546761842919841
1681209575
1752204444
432469525
3707050850781465
100021795
2129644884
1294964694
3707057611999346
3546825369848131
3461575820184484
356886429
375458210
3546972124351335
202744343
2009797058
3691005941385313
1290836553
3706933364132048
3546385941007317
3707055992997900
432161400
1772626914
1931781386
1221154199
515725217
3546967378496126
3707009595607712
3706955187095671
3493138459003035
3546588876114139
474951779
196118805
3493127339903587
3707022096730620
3546393195055773
1855737707
1420009368
297969209
348505785
142648132
3493077423491817
34145850
437979916
1375789168
504665567
2125677238
3546708266977925
641651153
3493124907207590
524920438
162505565
3546596690102841
3493105797958397
3707055621802495
3707055533721614
3493285360306776
3546872083908748
1800417922
679748119
3707054831176332
46198314
98182275
1513452016
194167393
2013475915
1853971314
3707044519479372
3632311633447766
350207158
383036763
480851446
3707053910526743
3493290957604916
1500275660
1878325913
3546620859779765
456431448
506485748
354199713
1797993471
491089894
3546769224894870
417274006
1878803881
3537120511658392
435628524
544070557
1907699822
3546374750603743
1091836007
1968506269
444164406
3494349570575032
1506482631
493352172
482550129
3546606546716682
1376513271
3546853186472759
4105725
1168244985
3493141088831935
3706980038347168
3691006996252730
3493293658737184
3493287696533895
473585352
508114495
1309549915
352685654
442251140
85358282
3461581704792169
3546857741486513
3546982436047097
472294156
3707054485145708
3493085841459369
1888081012
3546951010224968
3546736897296662
519142239
383079606
451929421
1739112848
3707006066101096
1890898907
171443871
324306477
351252556
1390119954
3493078367209782
3707054281721957
509600154
1946887903
652329557
411929667
3546702057310580
641589503
1858912383
3706954929145962
3706998396815761
1147222817
3706994399644471
403112344
1301196785
3546701243616079
3546557548858275
3546712157194259
3707053564496045
474234025
295265472
3546616875190422
1329959318
3546681956109138
3546719197333571
399861427
1866111627
1215213301
395966589
1069562531
3632317406906550
1793075950
450236691
690909076
3546776751573471
3546929134831752
2035464090
3707053715491440
3546847467538544
417468049
3690976908412937
3707053663062134
397792752
281181256
2023855288
3493077442366353
3546777615599720
451276888
3707053591759591
3707053589662254
1481374118
1912712292
35728053
82645541
407311019
1579004779
3546962089478773
1339338697
69198220
401924771
691737313
489620863
2100553550
3546582442052237
344024149
497022582
3493124726852428
18992004
3706962067851310
3706949283613523
400190817
364620804
3546745319459029
3546883238660929
650349806
670451463
3494368096816003
3546588364409719
3707053088443222
3632313195825648
3493134774307730
3706975508498701
85816410
3690998676851665
3546385194420404
286466398
3546829171985213
3546685861006157
1756268176
503360252
696476489
3707036776794348
3706924973426847
3546771877791846
1478743619
486688541
3493283909077540
3706954402760956
3690991970159011
3690976476399658
1380604640
19765608
70423903
1590629179
200308346
3493085180856786
3546625607731516
1432030708
3546786134232037
488218051
607419623
1069690176
516304060
510502397
693139219
3493117848193127
1608402890
478510439
3707052528502786
699874151
3632308464650540
3546785360382810
3546820422666964
647979965
3546565729847740
3493081385011872
3546728477231784
1672498394
1667814661
497034963
3461579123198149
364550926
399487560
3546771177343185
35717180
3493256956479654
3707037068298684
3690981199186240
1418236471
607567372
608306653
1923244746
1512109862
674211409
3546848199444537
1762574580
58801034
1067337261
301134200
3546855885507457
148407511
493245770
98833233
517458379
638028014
3546601847000033
1015310460
3706971398080910
399231916
494379913
343843015
2039037254
433387908
668545621
157263123
271986216
3546702044728106
342593048
3706952311900868
3494380327405863
480074769
2029298316
3546605294717429
71097449
3546384623995418
362254029
14715646
452557091
648724645
647592996
10524185
3706965056293390
690192105
4730138
3546907001490149
660870187
358713373
288224438
508458524
3461568593398580
403059692
2035425629
3493133719439643
491192239
1216322539
2101370389
3632306046634671
3546554071779424
3707051159062714
3690988268686090
1240589839
1740444587
408488354
227410204
471080803
510093091
476431795
17550008
3707017816443230
1773251774
3546939410876449
1418620470
3546923489298543
1817486593
1828186070
9620298
496773695
3546761207482372
640472420
436385981
2088309200
305750037
32342807
434697449
510248116
501655547
110427683
2037501923
23553431
3546554673662468
269296896
475947114
1946545903
3493260280465738
3546818531035937
567615729
511150614
3546900693257190
2073511934
1752082627
95926408
1675535619
70352547
349287938
1314947174
385336435
499832085
1125601759
404225022
3546751992596953
2118110158
384341217
3707048420182458
3494375556385116
3546745067801126
229400297
3546642907138625
553932337
204958652
496955440
2102017342
500849677
372844412
3707050215344846
2068699651
3546772930562512
527194947
695454019
3632308722600244
3546691179383013
3690971044775953
3546613937080831
499494054
500015632
690983799
3537112412457684
400483309
3546916226861974
286407689
308848888
1743170609
3706950850186074
1741948287
389755543
1688203859
1228152988
475897631
3707049854634846
1963205783
399567501
3493298926782598
180275740
412529198
2056893604
3706964408273731
670009815
3690994201529232
3546779519813763
1895824456
413774823
440547385
687980102
3546854549621055
1349539172
3690983283755327
588623749
457968345
3537111676357187
1209296143
1990830046
390970152
3690974767220853
1672008886
2089383480
482653059
1982291458
3546973403613393
3707049164671333
1012553462
3707049149991379
361705866
3546571775936690
1741722756
1269386135
499760609
3546725750934409
503746246
495171941
474919684
358091201
3546591227022110
1964334805
526618632
1480613064
3707048992704955
669196223
346622386
1561378972
6023693
1112861381
230204409
3494360658217691
3690978126859219
23047811
3493110573173384
3707048717977886
3493291653859491
485353311
500831560
1226312541
449196778
3493119903402114
2011381801
1113639591
475944816
632763751
319325358
3546917038458994
353763748
291137803
36151775
438250827
3546700679481644
1523604010
3546584839096944
1971601048
66320693
647827787
528964055
442038509
3707048434863045
360845153
1951449482
526382415
2125350577
1196400847
2761221
286523494
3632312870766805
75120304
481315001
508424400
512023416
3493104197831106
479160233
232892400
1593197377
1825929527
3707048172718399
421813839
244366756
249746991
516283532
437560234
669892619
1636339967
3546704150268134
3546889997781183
3546975016323261
3461573171480763
236632528
448702151
3493133560056546
385206163
3707042703345838
442146940
3546818224850968
288384385
3707047889603054
3546853465393603
356470393
3546392479926285
287905762
3546915459304258
1679494748
3546747945093820
3546841486461104
1039819411
1968619421
3493092952902626
3493257185069104
496878852
661570403
1266693476
3690994608375841
1403795331
3546699001760544
1319760239
1436839645
3707030999140772
104211959
516725142
3494370135247720
3546621927229775
2137702344
3494356744932129
372806559
1452759059
403321439
1147431445
700200587
3493142215003029
198395601
423555408
605981898
3537113463130153
3494360463181880
3546982419270188
486830679
478339150
484041912
3706958949386773
3546388434520504
695994416
1340181916
509547924
671060868
1367040856
1563819748
1982402189
3632320080775701
3706940100184835
671693098
3493282269104387
1991821649
1143745319
414864027
1036054232
188888464
1617104819
1050079899
3546817920763939
1596985720
3546859886873320
1861004159
1567588651
3546564270229553
1970729434
1962496970
3493122891844217
1657063743
699928444
1247410137
3546685380757930
84782239
3493134273088433
444470469
439052661
413024823
1928524956
3706982131304708
3546882521434290
3546883054110766
3546706408901002
3707012405791249
693525530
1816528163
1575173457
3546795003087845
448737695
2009764518
414645732
3493110615116126
89654533
286203791
3493130814884390
3706947073215200
3493090883012951
436343233
23785471
32151866
325090011
402177598
1634004893
3546904854006239
527730980
600291476
1673201981
3493119800641554
475428531
1675971924
1975432615
171324578
436924546
508641328
3461577302870130
661340663
3546760230209647
2102731012
555947830
1299649371
3546837367654817
673392132
3546700853545089
402159510
1811123926
165521342
398078237
422556966
525152812
116469924
418068754
405052558
3546721875396776
3493129994897663
3494361729861819
3493082647497589
1842508163
3546919706036723
353786231
3707045693884802
3707045666622288
3706996769425747
3494359173433897
3493083645742042
3546792524253252
1719528420
3546388285622879
1427206595
441727598
3707045490461323
3546609069591445
1813959077
3632308527565113
2038679910
3632302752008463
3546685831645885
3493093315709490
3546650519800527
3707045299620108
3493090071415352
3546974456384084
436553016
3707045257677486
1893875945
263462220
1681846211
474317634
3546836742703461
3707045165402977
517981575
3707045133945021
3493271682681616
3546704569698824
3546750929340455
3690977151683322
3493109189053324
434988197
1606893167
319747752
436508865
59879299
1440861039
3493124544400125
250113103
1680057845
3546915683698789
36488535
522275101
1796037823
2080660478
3707023992555943
3546793822390655
3546820133259661
3546811660765509
3546886424234411
1010260402
3546650983271222
629166064
3493271286320072
3706992981969471
390763478
1991855934
454774846
3707044540451353
3493111412034474
3494357575404484
1103860997
3546877337274739
3461565040823064
3707044452370599
3494367109057237
510762024
3546714944309763
3706982768839177
415467508
373484875
699732726
1019115267
3546845458467633
146480218
511299210
263835720
1441252338
1831816841
3546903683795139
1113917491
1325434899
3546816547129801
411688802
5091839
3707044173449931
517434321
1628841716
3546748150614614
1369547801
1096487174
3493078694365396
693504824
3546845414427046
1443411132
500757387
323526055
516489452
3546642286381235
3494377305409662
3537112466983873
3706990649936849
670593846
3546799396620485
489234611
1789038599
294453538
3546921400536033
1137042490
593928301
3707043686910668
3546966340406195
1964530517
3546651725663206
152213001
3706949786929473
3494373683628422
403544432
406086381
484595363
341329922
358906193
403464497
1072705261
419766541
237289238
3707043523332818
3707043517041440
350931225
493037501
3546912821086316
24874822
2077382398
549845210
3546902981249141
3546796827610044
442544633
1075708654
1485365260
3546714378078564
3494357514586575
696370244
3493106643110743
3546380639406797
1987645388
480988647
1857490064
1519018034
3632299344136266
3546753232014137
3546652063304123
3691000973232835
3546716580088242
3493125085464943
410713319
3706967379938126
1205894307
2096341141
1072669935
1302485275
1231550365
3546976589187581
508294863
3537123766438635
319124674
1460546156
1335815444
3546659149580640
600876832
3461562331302763
490254430
3546601052179069
3546765571655705
3546796563368092
564601317
3461571965618376
3546864739682549
3493287063193790
1275290019
1077630012
3707000995186908
3546931246664024
198581360
38151634
396357651
3546751740938687
3546932939065697
3707042663500558
549662087
274251095
3546984378009648
3707042600586160
3546837050984532
412895384
3546961185605640
3494381021563091
3706960497085025
3706941935192183
3546904136780632
646627303
2110526158
387630736
1070728304
1099953553
398270368
3461576099105059
3706940374910978
1821167800
3537118630513153
3546958681606420
2067784963
1419491058
3461563040139736
518935040
106649617
1900347957
1077312226
1880915662
1099381242
3707042323761590
1432451598
3546858678913025
1557206644
1958304262
14452084
485585820
3546732466014362
3707042225195057
281891337
3546875709885161
475083364
473332363
3707042185349969
1098572053
3546861510068389
3493079227042354
1277626191
3707042130823499
1750263459
199646950
1245791223
3546898080205739
344464489
3546764061706392
104935481
3707021037669227
3707040566348360
434949444
3546822618385070
28626350
357368037
1020267574
442088680
1530673159
672625302
3546789066050154
2034827078
383897550
1424742379
10442554
1174491347
318199381
3546938693651424
3707041692519381
1416329513
3707041671547424
3690991330527765
1671172186
438636513
3546836285524193
457632841
522642327
3546385385261642
1567907561
483776557
631208465
191117789
1086694312
507504549
3494351105690095
526117266
3494377951332355
3546691372320947
13380938
3546799864285735
3546829555763232
131398449
2033890016
305135431
1832500728
3494374551849620
3493136210856741
670602693
1983993383
3707019194272390
394930975
3493287212092150
3546839227829047
3632317081848051
694363528
3493287895763167
1922749334
19536576
3707041229048661
3494364823161517
287431671
3707041203882326
3546700484446672
223145058
3690988438554972
1524980669
691853534
702553867
3493082072877893
1161601201
3546975400102427
3546853291329914
44100504
385371041
3493104950708300
470765604
485517438
1428597741
1039744292
1109696272
565006041
1266395059
171244349
677135674
524883049
430903362
527234162
3546943858936338
666727663
544807991
3546980770908540
3546642991024814
702035743
266948363
17405765
453557540
33065420
525173968
3546788235577423
3546922965011255
1069567049
1758681183
1510997324
3546763073947729
521425136
1768465199
3706992508012621
1971756468
1788732145
3493084170029405
299683948
2002443781
1705554426
335246758
507109554
65411382
1769328813
378121657
3546953719744986
17362220
412118332
3493287486818371
3707040706857402
3546876041235008
553582510
495786660
3546916214278863
387637021
517968783
3632310329018906
1541460828
1183796122
440355755
287304492
3546738650516264
2022853002
1219353331
3546378703735698
356548280
3461573546870996
675052625
281645833
576082714
3546899579669304
1845920195
1142568285
3546884486466252
1124749306
645645626
3706976970213743
3691000495081941
404709770
3546386834394085
3493261538757223
352068642
507205684
3706947379399121
3546573659179905
3546961862986523
3494370556774442
1706843956
499817168
3546721384663260
1927355348
483193413
344478475
3546565952146307
346607131
417924744
1842825765
651389934
365876410
11440879
487924899
438897334
1967051095
470171906
628092297
3546577941564214
57026402
3461581581060461
457961302
3546612466977700
3546913905314354
350652692
383665728
351155204
3493141782988926
3546886053038351
1742351048
438332746
3546692794190414
471165084
1326972448
1909596108
1304020504
3546721047021900
3546567837485223
3546821219584754
3706967986014542
604240926
3546731773954971
505267118
1204061262
1501848006
3546784433440786
3546570033203593
477452933
482295700
1357489101
3546384596732256
3546816542935645
1611523533
1876806140
700518639
3546982482184923
103520913
358052932
3546762572728805
487826198
1979046890
2140482886
3546768056780931
3493078140717854
3546580302956637
327553079
454389980
411542432
1993505217
519053730
1087219476
1032725420
458125954
1226809724
1615454700
627498813
1502998666
1675007436
3546696600521049
2093717782
180259646
3690974645586817
3493296359869008
3546904466032794
62105665
295177883
1242138086
62522959
392697622
3461566125050007
1668508236
9960479
3632306923244223
3494365599107437
1883964807
412666249
1082902576
3632315647396383
1176014204
1604319140
189849382
3546773849115173
446910081
439003736
1870596393
1370325964
3707038225926492
521313074
1279148518
3707038181886669
3546838370093607
1608148175
510267849
1015655061
3690971382417492
3493105684711703
1732572084
434414561
3546378078784411
1046689476
3707024091121727
1836129685
1796558045
470997211
678741883
298379896
3546717230205006
1547038425
526926181
1548949696
3494360071014623
3546896503146823
1957843212
578148717
3546651822132103
1125533264
1299924783
30054719
630681244
3461568375294799
1684869433
1739960843
1720802496
1506327121
449513248
484957954
1952148137
3546766804781977
651609940
325661023
3546562829487078
324920338
3493092321659875
609857805
3546961019931454
383536310
3546600437713755
3546781866526843
1923770183
454690622
525419255
1263396374
381433228
671230113
1086898325
471361085
3546777787566200
3546760582531206
3690973041265426
1322527077
3546737222355191
1862858465
515004717
3546588228094381
1189215766
3546778943097821
2132998912
3546977339967981
3707036325906679
628408521
1618838637
489987992
1065971388
335868214
3546935709403453
3546975064557609
3546760559462952
3707036531427542
3546862934034718
3706947345844454
193507304
1447104699
3546767138228463
3546984151517465
116357096
3707028067321976
3707030474852956
372308884
3493081965922562
1572497820
450469258
3546885652482603
290757741
442876467
437677000
1170220559
3461562633292116
1822368857
1827167355
3707036172815062
3690981264197961
296534397
3493085115844610
3546870200666436
3546610491460173
1739931796
3546883551136597
438493867
3707035744995716
3546690954987763
3537116271216671
3546780486601040
71590553
3461574874368014
3546857091369088
3546739569068821
1295392212
1152787672
3546697007368797
3493269151418400
379443049
3546851743631930
3546380960270571
3493121677593335
400559138
176545658
3546674769169091
3493144253434359
1922130501
3707035476560673
380870138
358823121
401007512
3546634751313963
404695730
3546691802237321
1054149937
3546779020691740
158399900
602120394
451517109
384711918
1964476691
98754146
1141141583
661588809
3546710854862879
386261734
694831375
384650347
3537120434063600
305654075
432020900
527652146
3546782208362553
39993124
1384722779
1849630520
3493094064392843
1000461869
3546626603879277
1218961186
3546907693549796
3546691951135513
1147472376
3546915383806552
85283333
3494349996296344
372219650
3707034910329639
3546561409714574
241581868
1558191187
1722598137
1842062011
12801544
3706977880377816
3707006900767399
472769364
3537124684990846
492076905
1419456921
402902537
481166302
3690970203818270
526397662
700294036
1053316917
3546704271903092
3706951739378238
3493093036787900
349588399
1019409938
3546672137243221
3493093131160114
693776384
1804642453
3706965234551286
507838319
511126241
1252723867
3707034128091687
2093529059
1392905142
481675390
3546836845464004
2073275615
302067311
691220226
3691006218209293
3461562771704477
475230578
1684722673
3546880166332820
3493262220331744
1375651564
451533509
3546786698365175
3493077230553279
1857355743
1045001405
3546916065380621
3546677361248425
184893307
3707022971243252
514515054
304788332
1227729107
661938772
3494353093789990
3546799967046059
2031938427
3546633943911168
514290331
3706923524294955
478334282
8894390
1088088655
479531218
1953477827
3493088481774093
527186316
622583724
3706952416758299
509655552
3546565501257887
3707033117264006
3546915035679372
1790983883
1873583965
19490752
2087821541
3546682153240768
364233587
3546731495033535
2096098875
487174717
3546670419675370
333030841
456038591
518688263
3493122470316851
431743566
1687522562
1315199941
3546879400872232
3493118812883828
3546647611050257
3493077136181515
1780089569
189646776
346148875
1475808425
1657169006
3546756541319868
1635880615
476759922
1232499359
3546629586029406
3546926737787299
36598835
3493134992411480
1033460218
491983547
394394931
3706973367307190
474931633
1274827035
675058831
499932002
1093007113
475986502
434513226
3461582373783791
3546761557707039
1765441393
1262901631
357671210
3546907051821226
3494373482301475
478139743
137646714
3546849294158123
348420198
432294644
218838180
403943750
3546790500502273
3707007580244176
1768059358
1329429891
511025580
253727801
456474244
36459754
1623179455
389754151
3632310339504256
3461569853787098
3707019645159834
95301946
3690997466794116
6975189
3546791460997192
281344983
1929872244
523735390
399068405
3706928484059992
357762020
634068749
3546639478295340
1224969017
3707017046788225
1413484473
1192877721
481032732
478559591
497152993
3546823356582209
3546375757236393
544106965
424202837
3706983156812251
353827232
3493276288026978
1878380875
3546927295629439
3707031202564761
628810672
509786934
3493277196093644
73861545
1666497319
3707031173204142
1695790211
472796097
609086
3493110373943726
46028274
513844572
1181249462
3706963579898341
3537112508926069
507345128
477109130
1271702848
425287167
1590850508
3494359412508854
3546707874810553
1355872917
3706958620133796
483695993
3546804746455283
512037530
1889434486
3546846593026803
3707030655208126
1030026377
296814374
379807757
1806845647
3546620757018704
3707030567127540
3493120861800492
17953670
396207297
3546789284153576
603379493
3690981826234559
1281989501
1996733821
3546909249636743
3707009354434872
387535548
1962755731
1663108127
3707010189101746
1251549096
434283546
412708904
484153704
3493113607752103
107405797
3690975931140340
390178063
652041567
3546937385028185
3461570824767521
3493093789665521
1018839985
299631625
1483950676
208445571
3707027851316035
3707030156085307
66079730
1903067398
3707030135114453
1474949051
3690987127835113
625347383
3546964167756117
3546917004904489
144784088
3494359626418536
1218146611
486549405
28107007
1091105404
676449804
3546381801228449
3546976356403938
666668238
299359990
13452649
3546628178839653
481363097
581714177
1525560802
1478442064
486461403
3546973302950521
179672115
3546823484509031
3546829209733638
425559123
3494375413778478
3461568989759825
3546934174287886
498570311
3546774039956089
3546560478579559
384433409
403302235
3546574613383415
1261383463
2056517541
3537123615443445
310959727
3546903396486062
305468534
702486353
368730342
2098919456
517465599
3537121063209664
614652546
398820640
1910255113
1889956131
1316470662
263815399
668385268
1121026082
1377169421
1769840661
14206954
385178533
3494358881930199
1304491253
1155460535
1185884476
1379087661
346119479
143681873
486597410
1042210394
530724001
1748884965
482180593
3690994457381694
36582867
3691010165050224
17272821
325929419
423477085
3707028392380851
474672447
1877380271
1678839009
3546983612549448
1919824836
1814385360
679172208
324285356
634345993
1443282844
294908694
240080307
3493146222660577
3493083243088269
3546752992938544
356502079
480060315
458111575
394895450
3494369730496729
3546391070641062
1862435187
1781590004
310754979
3546850441300670
1958896997
3546772077021436
281729593
95236906
3706996066880321
490975592
503379915
59257422
295406174
3690992922266143
517657325
278004588
1141152307
3546955888200569
3546684344765242
1009543210
668387286
678861415
3546621218392202
3707024095316178
3546649561402162
3546768297954269
3493075353602232
3546578583292255
3493093653351262
274854032
294008378
309351672
158223882
1556706101
3546823679543769
692048216
486571805
3707000772889417
637568307
278036266
660377490
696843892
521242988
3706948807559230
413443349
408404683
385170351
1676121860
3706950646761913
497244203
631228416
438888135
3546801258891470
1975678661
3493086242015505
1915985182
285821304
483204271
517407810
3546373806885574
1616534298
526742791
3546787654666390
1705109108
435884290
3707026794351310
2115309859
666417672
3546382625409353
603427381
1080846318
1021965850
1560312066
3546967881812470
3546590579001523
1255582189
1592324284
3546772318194226
432139502
1665359357
1038692651
1476086729
1050501528
13012237
2069241953
3546712897489266
3707026691590870
1924549409
154510574
341984253
3546844458125993
3707001236359800
2134660140
1982413561
500341162
3546656008047235
689226511
670480625
3546601735850422
407534429
1798029706
384979866
3494359999711465
3707026322492044
3546680970446936
1044629803
3546585287887242
103905618
598568953
1326804516
91308069
397828546
282250934
18955440
502951818
1760688017
580920663
3690996304972637
1482580613
1686563092
3546925320112650
353792154
1657851029
3707026049861763
1414534084
1731071713
353168034
325331607
241221544
407207719
412665806
3707025890478663
56425960
1095441475
477345413
1442771061
3546615843392088
3494367211817947
351458052
383299538
3690973804628928
1561388232
3546844722367360
483429525
37905730
1947464906
661427294
1551544286
1918680197
3546749138373003
576511165
3546613949663778
3546980875765871
198299999
666898557
3546892600347492
3546957383469128
3546714650708789
3707004931541722
220839220
496615263
399827832
3690999087892536
3546773033323016
543684495
360930749
3461579876075983
38415268
3632316865841712
435262221
437168471
407817575
3706962772495141
3546578537154903
441092986
1768801673
62495593
434993981
351404616
1721460165
3493146476415360
668721976
3546701581256959
3707025112435140
29053467
693965375
3546594305640880
1771457727
3494372033169950
3494353760684037
400230054
636997638
1458072561
555953100
3632312602332020
646563488
3707017285863763
2136617459
509626198
424591084
515411376
3546628461956017
263243347
450163820
1063840618
3493086023912397
2048615661
479909753
1509382915
1786134489
3546782009133714
3546388379994374
3546622388603520
486772637
3494364468742839
1796631673
1441457835
289583186
108823815
3493077536737730
516940875
288632685
440697707
700373480
526124498
3546891881024150
3707024556689427
3690980028975376
1710780000
437502736
1490643076
14042558
297976944
2139942670
3546687542921901
3537108188793396
381414027
491231403
399095530
520716630
3546698607495858
516402811
1652528421
437338880
1408792278
2067763883
1109910178
1558459899
3546864265726269
2009514861
471297898
3546940383955481
515465811
3546972331968727
553710719
411151920
3546742624618700
609836909
27928070
11992022
219960174
690823032
3494362908461862
3707023963196249
3546777066146416
3706937063508951
3546711500785802
418360171
485372473
661566090
276692109
1660852925
389148012
407794749
1127184286
1937487775
92065616
3546374423447579
3546616554326863
472623713
1362524296
1797014767
3546604862703877
452188835
233648639
508273897
412843082
3493257321383983
480411211
3546889773386482
2072314587
1886748887
1472389307
406034114
486924861
1072174497
696593356
627733181
357784049
3707023310981443
3493111695149795
3546893466471108
28181625
2117887861
587297106
3546889567865298
1808100927
475181574
1230495959
1810114187
3546561411811861
395729150
405540213
3707017405401777
156550610
476620973
158540799
3546941791144668
1866585209
287901269
3493105208657924
1003086283
3546756604234414
474002055
7180
688190171
454232550
442887002
456355293
456986869
701188709
1277566797
382129732
3546683612859004
1821539927
3546750138714137
3546556632402911
3546584755211100
3546608306227908
3546724914169890
164702086
505444965
1539320993
172386581
676804144
432171901
688936410
1342894291
1971358908
334028956
3546766282591045
3546973443459626
493923011
3546650133924648
157252004
279613453
3546962156587180
3546940807579864
3546946381810553
3546769627548486
1236871256
3494359821453904
2015040734
3493082716703335
209656765
1841490528
3493124965927748
344230143
491964504
1915952945
1507125922
3546793027569872
651947774
3707022482606285
1268891636
404218335
3632308372376171
3546672778971381
419333481
390505258
3546927287240807
1544163637
1114071460
425577625
87608403
518973753
1391026481
3493136154233379
1590454344
439117959
1076825715
1806481028
3546386414963347
355017244
367528996
491601914
393433792
3546749115304057
3546699614128320
1415008177
701263609
648979349
33225238
3690975157291211
141559949
3546942692919559
3546941573040177
667255666
2078338577
3546975574165934
1339719416
503346218
1323415571
3707013510989934
1391559517
175846244
169971911
1960900858
381387230
3546812545763810
3546821609654699
1236068780
496635844
3691007751227703
3546645023164965
356870874
3546560375819168
593614479
291219165
3546733789317176
314142188
1193251926
673998844
1630503811
3707021790546006
3493074994989242
1933033078
1655556356
3546983461554512
1981279041
3546716349401138
626957330
345306365
3707021736020577
1910350764
3546562668005902
3546829916473875
454194176
391658956
3546744369449175
470685844
597004202
3707005235628673
364743573
1176619610
692118884
1069267516
3494363051067813
662382910
3494363210451475
3546631611877730
405044435
3537108239125474
352408335
282579170
3707021289326774
3546931873712398
1145342672
3706996733774587
1504727639
1212804616
3493282055194798
3546670522435748
3546816895256712
3691001120033746
3537107352029853
508714266
507189021
3707021211732672
3546893648923535
1974027878
518141003
521708509
3546945001884037
1290065707
3707021123652325
451171898
475735950
101989547
601535422
356037600
3546925248809231
532723119
3493295632156941
693603387
434402083
357896945
317657441
1194600513
3493104072002402
1353826566
3537125741955788
1597664601
414865826
665709296
3494370042972364
58411347
180892653
3546915243297380
701330694
616264939
3546961483401531
1896999405
3546943561140344
3546582681127141
363661372
1735872742
3537116684355978
2007464740
3546813741140495
263288030
15521249
1284771985
1062754696
512958306
3546380914133974
482222976
7243770
521831414
2131616639
3690995849889886
3546610292230575
1479978527
3546922667215108
3546388138821844
509436747
452716810
1673399895
672964441
3546854314740479
3494374939822103
451024478
424447579
412985153
3546680741857392
1149812650
483755141
412808599
39579035
2011124021
3546663834618193
1907948326
483804080
404708771
3546721602767535
3546746047170563
384842364
470958858
493827047
430239707
692674534
3546835438275551
444785857
436712209
396315995
433947521
354640313
1044344029
389699566
3546749339699278
1088161164
3546613114996795
3707020259625147
3546791962217096
256255556
1073500462
3546865490463025
3494361987811495
3546814030547606
1173337171
1544055425
256331798
3493272536221784
408764392
691315508
3537124070525342
3706945707969037
621662754
476385330
441391397
224404742
1247633450
3546681677187265
1935525567
3546908205255033
389252846
287777276
1033816981
1854945233
549189203
342638794
3546750056925816
3493264397175320
3493125901257374
3632305966942960
629081021
702724611
1940240905
614879841
3537112267753743
295048202
1925014009
628440155
523363057
374795840
493279006
604155082
131282204
670304521
443766115
3546615920986447
1521483410
3494371863300516
626933747
475447997
32525911
345024302
3546645622950411
2107659410
446646885
513576268
329669693
497768262
1604165465
478433128
1583012424
3546638587005065
582104944
3546835522161373
3690974316333740
3707006561028157
3546859217882061
475310752
477543987
500915035
601143027
702522547
3493105858775351
3546971491011291
329844820
486896078
257179176
599987661
3691006832675552
3461576665335980
3707019456416678
522496589
525743533
431213531
376949287
1752519879
490679814
431707730
105406877
470722120
272819257
3690985357839113
2075753955
3546786140522575
3546868273383549
23918799
429602507
3546866633410745
260223672
309422595
407270198
526555589
2009816409
1770774162
3493145146820637
3546570981116442
1081796817
476308192
1320459065
321604174
479381503
2107265570
693499494
666674778
393548864
631150004
1703654254
3546769795320074
356544233
108180750
515202533
1666444745
114649028
3546707094669712
3546760800635391
499883797
3546909763438731
3546760081312141
601655370
388401009
3493079224945101
1517294397
2140007518
3706971928660950
2108554492
510584890
3546662450497593
2014826131
3546749291464924
2029819760
2058958079
650684689
1689918329
3707018770647243
224649089
1183110775
1354558871
406351115
451607155
1928118236
3546558360455455
3546721546143968
3707018657401561
3632307239914223
1458879398
3632305052584805
1163854056
60271323
3546965589625180
3493264732719453
477119080
441400448
3546917172677052
3706946827847737
3546771577899495
3546735804680512
604275749
397559265
3537113429576342
415163371
433596575
660996634
3493136359753736
516508333
1833268284
2045704564
600285389
1109651745
3546916486908843
3546982199069414
1678133488
269668554
434000667
169445455
3690989189335597
1272241694
1157555095
285923789
2081599280
1074708193
418431609
668775612
153441856
205093956
3546978378057779
325572180
1430924896
508501635
179293092
1694581891
668761225
3632311759276056
3494368394611358
20803456
507716027
1455124701
396185135
3546389697005670
3546819241969915
267459718
1317787852
39468607
3546836983876071
3632307879545338
3494359307651817
3546863791769783
3546673777215581
3546702707427459
321967145
484346938
3546589557688527
1263388703
1577369667
399623402
3493267322701848
1394606353
674343046
234397246
1272686944
1465048858
1811146337
1208529322
1859975780
3632308500302610
3546735943092349
1391263749
3546821708220438
3546849046694095
1929853055
3706950334286426
450605054
3546708738836552
3493291010033929
2062185422
3493117732850055
2146916089
445686221
441374882
520918740
88021979
27680822
3493076257475316
3541145
475782308
319270501
351144487
489848341
3706994456266952
1608119795
661440882
32061157
1821664092
1562107907
133366215
3546946620885095
3706992170371603
302178545
521498740
3546669194938425
207632647
597965976
3546588119042527
3546955292608760
514975302
2098814646
474366299
3461564694792291
1110041606
1976961613
1036808832
345704479
1424280545
543854599
1566951768
3546704636808093
630432291
226982722
110895861
2063363092
1247206095
1018621801
2050200679
550096209
3546755939436924
1222707960
1230081317
3707017554299437
2086507038
1794641173
1419126860
2055736540
475326825
244451178
1380122659
319430448
1651523205
406017379
55439775
3546751166318637
3546394472220823
1789369549
476243162
3546925320112685
3494360190552285
1514759713
3461575031655141
631653029
3546561860601965
3546792752843140
393839234
504399665
179829134
648792487
3707017401206883
522450238
500549567
1228954695
592621278
449104763
3706967837116928
470963876
3707017378138425
646761489
3707017371847574
1305153757
524739381
581369485
3546908515633167
661076238
79574767
487615143
619454912
438096612
436843458
1319419579
1543425792
1678466911
2604813
489393980
477884842
604764792
3707012535814493
3494372523903715
3494364475034395
3707005665544744
365324077
3494349392316848
1528810568
3546949793876057
290099894
3546727365740660
3706966568340329
396385347
3494362453379193
452790095
497616459
3546731893492709
454203612
407745818
3546604283890181
3546919236275060
646709491
294097957
1978601070
3537120687819589
1954469239
40806497
2135588007
3707017113897614
2080016095
3546917074110897
3461562752830283
3691010112620779
82926292
432434212
107858381
179082888
519955003
439296223
2124658808
30434605
24760092
1390347525
1291743981
348729562
3461565747562591
492471827
1988490467
1102131816
508706091
640657590
1199573021
1020923958
1436848815
3461576992492362
128840254
484774141
428032112
638715605
3546900942817690
1403631130
3707016994360290
3707016988068762
3706943849891909
264422543
27648238
156900262
381853456
39947194
3493117542009424
2073563806
544177758
1500684382
449212930
385316947
488622320
691623194
3494361830525133
524570871
1545842542
3461569061063214
524856575
393867618
669595655
137782343
131572518
502754181
3546742941288640
3546833787816522
375285299
695504678
378974880
1102167242
473156899
3546782778788492
87354508
579670507
401208778
330632187
1324381069
1948765581
3706971955923439
1779585700
438921626
510520527
3546687314332216
3546822417058677
3632313399249373
3546766850919149
510028918
3546653676014262
692455907
443532163
1506903293
3632307128764421
402389146
2111128038
1849844707
174916385
1969874832
3546707174361265
2115014029
3546784194366329
438104232
2021247431
3707016782547789
3546575601142443
521424737
7093282
1137978924
697275818
3546911025924822
1634598414
526015982
3546919032850516
490286065
31116913
531284185
1162667819
519596054
3546775728163653
1614526357
1059402460
437709062
673984704
650972569
434662697
1103245650
3493074550392911
1035912265
3494373239032108
374576917
578660648
1051922958
2004466916
630510249
475581485
2138565143
3546390525381372
327698756
510147056
1640698040
1117482438
3546593808615922
1938700404
452339458
367923737
352456813
1494238734
3546664467958361
14389912
690552016
386413249
281867453
3546390548449799
441811013
506762326
1916998579
236380925
3546590398646928
201711032
1155574345
651508509
382335276
1582712278
3546769728211291
1228854394
66709303
3707007882234145
2117288133
536385262
363931188
477168700
3707008616237175
527524833
3546781319170413
3546646807841284
3493080967678122
366729330
3546757334043374
319717293
3494366234544631
291142404
1809838607
367959183
226760228
392575722
2093594964
245191706
3546378345121845
3546587340999028
3546761060682277
3546870439742390
3546708105497187
343587033
1945275214
385627854
407211415
398882295
3546385995532810
3706924178606205
1914902984
3493115950270870
3494367677385117
1092732179
3706953870084248
442434152
3632307495766583
3546666137291558
621825763
383501365
407081705
400724512
1668712805
1668389378
397154697
226810705
414018664
3632315307657264
3706962873157706
1382634178
1041478103
67250573
496533441
3546701633686008
509066511
518915867
1705105820
1428528415
1839250757
516131997
398913471
1166268338
387248582
3493274446727887
1170984703
3546861514262817
2121778841
393623127
1542652967
455640073
3707015643793697
430147254
1515987735
299461480
389116688
702998195
3537110090910258
560032878
651226359
412812577
3707013611653835
456728599
3546909012658770
3461578485664330
389472053
1905434930
527388322
393618982
13018856
3546874793429680
442423664
1296463798
1305768653
364931505
3546711955868272
693933644
3546919416629908
329599359
688715404
3461575251855754
532775903
3546978766031041
3493127274891874
3707015322929423
1529417735
1415632167
3546384779184529
1859273841
1906482691
1279567072
2104890461
3546978671659673
3690994253957262
1670075847
1248012110
1874195881
631269810
502377235
3546729938946362
3546897398630445
508724229
3546844466514504
3546811258112961
393316351
626536469
68523270
1312030162
3493104361408956
388226556
3546556726774717
3546700501223437
1827877640
3493257388493589
223919150
474082884
1265048537
1443109102
3537122986297436
520977852
397396377
472986501
689092824
1545712285
537949291
3546718433970254
3706951961675785
3546889785968995
384360107
1014820950
64666989
1973705321
686941872
3546871830153574
350706185
2090914936
403089324
3494369478839237
3546561158056271
3690986387540458
73466152
393603831
3493125823662934
661951605
388283619
33168754
2812079
650525578
415899193
362747210
489941693
411755531
131066532
3546825984314069
1226967913
506829121
2017101834
629957097
419063758
234378459
2086003183
694101157
3493266089577197
519194388
313271525
125379248
668947278
352758300
383810307
431288241
499168380
24410863
3546888804501929
3707014272256383
1609471000
560298687
1768486815
385306050
512814743
350664401
1734876470
3690995761810336
1744205094
515107300
179358454
1685204038
691408295
442725342
406557172
19939807
204913721
243850237
1216245887
3546970538903890
3546571513793009
3546689040287754
441686019
518883869
2031259532
438897049
3546791221921896
1976248816
302495333
2015320408
1317708413
692405486
3706995135744616
543750528
1559429685
352441297
416489430
3461566502537784
492630307
3461566898899046
1753820510
445409716
1044229299
3537112531995495
56071679
517701380
415275995
397719462
3494362356910169
1396372319
3546842723781581
3546729318189104
1951630879
3632303878178956
34903428
687257955
454013520
1448719352
1277408299
3546926540655433
3546387637603058
3493288510228515
677359416
3690971829111314
3537111374367486
1750244193
338675163
3537125161044625
419261441
622851552
2094970003
524380008
21161264
3546983717406859
3493124263381304
492287207
445936775
128946703
3546742358280614
3494375560579727
1443388115
1151309312
148193368
24651162
628497237
3546905608980868
501484482
384787849
286916658
3546644234635768
355482028
3546791656032461
2130887549
451479481
400329694
3546558628891144
1748772997
496832592
3546760597211897
499663872
456286798
3493078518205397
1420033547
690273821
1775153666
2040385399
3546583685663442
434685027
436464996
270765172
262611356
1930073159
3546939366836651
523260689
1335703302
90596449
3707012584048704
476157517
634960309
243566188
289151876
526240864
1865985488
429667280
397447953
1979898967
3493146516261843
1924854616
3546950309775484
3546625777600760
3494356633782831
1487611047
3494354087840139
3546839053764649
3494363539703933
695144734
533467289
1129003157
3546840714709207
3493090109163712
3546926257539817
3546609344317745
3706941438167805
3546920714767091
3546885971250095
3493122250115507
3494372651829351
3546843719928342
398688572
3691001055021764
3546877737830499
3706978668906860
519286778
3546763598235877
1450792128
3546791477775048
282202486
3546589652060973
98160454
1740144154
3632299891493365
1571293674
691922273
3494358647048996
650229706
306242871
312179383
3546615495265115
630829630
444739233
28944158
1771740289
325602613
650791539
2096176443
449336588
3494351755807157
3546738170268613
1218784364
483884911
1913635402
452785506
1763094451
475637711
3632314456214334
3546629277747661
3546951398197924
1684316392
1000261104
3546947266807915
3494360735812035
3493273165368096
3546847171840677
3494376768538899
1722955865
601206201
700778380
3690974052092557
3546724014491892
3546581982775763
525556661
1876236881
1021573401
296740794
1199914660
511691462
1871351629
350228045
309302019
1786249637
388224863
3546743218112598
386772234
506895639
1337092398
1963366717
386453361
20194977
695093682
1642211127
672268558
3546575202683737
3546610361436794
360761213
345991688
3546713398708991
3546923409607605
3493290785638959
1714780088
3493131494361640
3546615918888979
446538118
3546713017027130
2089144122
349959962
3537109463862153
520951292
522636789
3493258049096442
3690985754201053
1625930722
588638142
3546765001230988
1971541141
470335464
691918496
3494371318041569
273167898
286433694
670307268
472107070
3691008147589162
411943519
1810045706
674316606
1128585854
1731840176
3546657499122018
1761714699
351550751
3493259905075731
1169565690
3493109241481500
3706998866578364
1243905773
350223487
670911416
1909888136
2053123454
3493117378431524
142213423
3546778058099550
3546751852088056
94753549
450031834
352325500
1408620957
3493141892041541
2143968534
406287566
1284301153
1711313607
672450120
3546772811024841
288978110
3546587521354268
179513459
1649958048
3546597447174532
3493134621215311
412772677
3546392148576662
3494371722791104
2112521141
1078884491
483702276
3546888605272303
514615101
644077929
1456811553
646613057
478911050
1472139320
1537752008
1780908794
1985707366
505237672
284261608
644314539
290481938
516071290
3690983061457163
2122368242
351145909
3546780669053059
401352354
317035789
336668788
108120059
635143535
3546916927310086
1898718884
300744741
1184749342
3546702220888319
1189841538
453941115
1409611930
1182221527
598972175
3546786304100873
213301951
190236927
1062552968
1021420386
1777603020
386996785
3546912919652631
1116553591
3706995295128539
1295852955
172869988
246912027
1746720385
354516232
194895260
390811383
446171084
1072141953
492682776
3546723165145435
478865986
687187785
1117048962
507730619
293195580
1051431738
2025743777
404398658
269630106
3494372244982736
1088197127
293775438
508931256
3546947149367752
1310371358
432672666
489388988
523205444
1178523566
1254278282
5924296
3493289089042877
1074048041
97552377
3493128327661740
437264700
2036917327
34785399
26023522
197196055
451844961
504657639
3461573320378477
1484865349
429889986
1266452244
3493294562609309
321472598
1466560330
1905179758
1564066798
24561458
1567890685
252052522
2048222146
1257068384
689245145
3546802871601494
1264431511
500577741
88263695
1157817420
3546662565841642
513368553
426151385
3546562680589064
2109156510
3546872299915279
2065750736
1760354527
300874002
3537116044725212
518167998
395957451
1163844080
652412103
3706929329212248
248963282
457145218
364736274
335979247
1111369645
10021913
626862329
1250592662
3494365559261764
3691005463235555
1927183010
3546604774624170
323271751
3546817945930110
1162940603
416319535
598592425
1288289071
1220813173
3493116610873903
2103332365
3546647697033748
3546670136559892
1896137549
3546975955847823
3546953832990829
3546615077931490
3546577027205225
1187459310
1685265697
3546616059399037
3546843396966915
1797606227
321849994
241978797
578696911
1445284151
3546617332369648
1129110824
243708130
3493124777183609
3493109646232092
497690236
76596925
3546703451916970
168178889
1062628321
1628007745
1535485404
512683628
268464916
510927754
436621604
3493078419638283
1068569884
510321323
455193012
550112649
1546082677
184760951
669739748
440568138
28237098
519414574
65505572
3494355268536608
3546794638182440
3546778722896234
66579832
486655507
1479474343
690184419
3690998869788785
1039450914
1772828209
454914165
520047172
198355099
181571493
410363890
1966375902
665371459
474221442
523498681
3546812558346938
3546733871106296
3546904145169181
318624517
130942630
3706985952315929
454069930
37736167
1197997432
3546639530723521
351344033
630159416
1368926460
3493119242800097
471504391
395460477
1994752587
3546677342374492
3461567320426694
165680293
522889230
1369908255
183597250
630608731
671279719
389238510
3546729859254494
296880775
485088760
1176873765
1708574766
3493288172587326
524304646
249697945
3706942629349641
435634855
503079960
522668233
610202723
3493084423785313
544097577
1858537702
3632301116230497
383123343
3546606647380287
46587319
3546582544812663
419592817
3546750704945730
3546880327813994
523217118
3461563293895250
273893295
474140126
474523910
515899880
3546894873659553
394710068
290489718
3546732350671593
3546638526188279
500753340
475109566
349565069
603289968
357402122
488001685
1459882657
1634121794
442434361
3493120392039197
555859228
1423256030
3546613125483063
3690974100326831
3494367482350000
498237322
1645820788
3706980405348532
650757774
1965871575
3461581941770921
1677956147
1267980510
507423315
3461566366223252
2120509594
1206833548
1247482732
3494361755028208
3494369896172166
364659897
181987502
474192404
3546925265586301
364235410
3493137355901867
429947719
3546859719100836
1966945607
3546879176477440
524742080
3546569863334842
3461566552869576
1787264734
1705458658
233898672
620537637
3493120482216098
481216551
1072743673
473542106
1522918290
383050268
697185835
1685408832
596144481
524037717
1295536101
37379825
3546766423099723
166698516
398413145
1628208096
1949452529
274025691
3546393597708883
480988357
3546689176602766
1729183482
238561517
424564240
201238019
4627888
669557425
3706986084436395
455756929
480554212
3546663010437681
2065541777
498319328
1867112649
178988396
3546915996174608
1996508589
1603703521
454949775
560391769
1564394177
3632303720892879
472478593
223972983
1399092953
1960081626
130841500
3546764508399664
504074113
3494349841107631
267734793
3546570962242420
495376316
1961657281
241324136
229580194
3493122560493985
652635029
3546961223354745
1504546826
474943618
109408654
3690971206256670
487052427
3537120650070522
3493286249499193
3546816022841676
3546952929118805
1706573375
1853678944
518847644
382528775
594331290
2092191011
64645832
1916213713
397698245
3546583226387329
3546566006672146
3494365011904534
1303773053
1471895625
405835480
3546563037104394
1461798724
447646564
3546743408953972
352238563
23474816
3493078769862697
272361870
1319721643
382846015
638467516
319508237
298780998
3494379811506873
3546686800529907
1815040428
527428461
1465647353
546410471
455631773
1608193546
249010412
1822353423
3546592630016159
1704046618
346919199
3546656383437055
629493546
1816657921
1469392318
42769314
630746491
1475883352
3546823981533828
1340880328
3493270569093923
439648696
79000742
452234580
1157992615
1793364274
3546915396389281
521531277
11746779
3691005729573752
3494372725229614
470177947
3546790792006235
628562323
412938680
631895282
229833627
3493122019428866
434581613
2038357947
2122155356
486259610
526614600
436928980
1744468268
3546753328482402
1697017356
390441565
487663354
1103781539
417427184
121066754
399537068
475358709
221737283
389071531
3690970279316041
393783837
1447742691
381955989
1293320221
687852942
3690980794435916
1186524833
3493294715702212
3546659837446285
1810003054
616806776
669711230
646758623
3494373385832822
511649526
629336384
1025827575
3493138234608134
483439015
315865594
3493121555957936
472505396
203227893
189578956
691494108
3461567513364868
506612850
378770615
1402888507
63546859
346712422
451487220
3546708365543506
1309348664
396686027
1549303640
433500712
89649995
1895864952
1067750265
453891810
3546772035078464
1396567947
1408965737
318968440
698299843
1010920879
652241742
1014304828
3546703011514880
1654122620
394501316
647392105
391653525
1034917877
3494360043751508
355560163
1401018868
1479137506
19156485
282445609
694919946
450469539
673907874
476112570
3546559977359689
317465756
471780310
29870914
283819932
1035089630
3632314540099780
3493129237825911
82898086
15354767
455884361
1499455836
1513271776
353680214
39388311
478734863
68048651
29146227
474862185
351193856
22715809
19105779
11052626
3629030
10948132
13894273
34436731
35976489
96917565
113458362
159340370
161064111
164885419
222394716
305875651
345728618
350693687
351160216
382329425
391977993
396918734
400189447
400846284
411465638
413007713
416539592
438329924
442272444
442485681
443046535
448252781
450158027
451345537
452604993
457227521
471594753
481952467
497327981
501178171
516445275
519815620
521319503
526526775
576448097
595678110
617695946
631516581
632963482
638491816
652398136
661691591
665793536
693118183
1037698175
1073116099
1079183162
1309118216
1410332348
1435581025
1463609002
1482474942
1529052057
1543018777
1580415667
1633283386
1669474468
1680104379
1684942755
1695766995
1736203534
1749673693
1838453031
1851807911
1884720534
1898225130
1954169866
1985053926
2031071380
2047417776
2109982658
3493077419297215
3493122287864055
3493124173204015
3494376156170278
3494376183433663
3546375805471610
3546384101804588
3546554692537241
3546607643527799
3546621480536726
3546666472835997
3546726642223258
3546743205530186
3546769801611806
3546779907787178
3546779947632955
3546813678225963
3546824455490109
3546844955151030
3546855971490587
3546861824641689
3546905879513371
3546914729495263
3546962267736174
3706948214065367
3706993774693219
3707007391500376
3707008463145085
3707016847559232
3707023296301947
3707042311178446
626878261
216082089
440454161
3546963320506641
1470064772
3494358835792395
347711669
103050296
1320613549
446024761
3546392920329005
1578366074
3707036743240338
297964370
603635
